19950088
19950446
20010192
20010331
20020036
20020119
20020317
20020532
20040428
20040529
20050249
20050255
20060103
20060160
20060273
20060343
20060379
20070035
20070061
20070143
20080019
20080383
20080446
20090006
20090386
20100033
20100050
20100083
20100085
20100100
20100102
20100106
20100107
20100108
20100111
20100115
20100129
20100132
20100187
20100258
20100264
20100272
20100292
20100303
20100310
20100329
20100338
20100339
20100343
20100365
20100388
20100407
20100415
20100416
20100444
20100466
20100480
20110087
20110100
20110117
20110143
20110182
20110212
20110233
20110258
20110286
20110340
20110351
20110356
20110356
20110361
20110381
20110400
20110443
20120010
20120061
20120067
20120099
20120108
20120120
20120164
20120181
20120181
20120204
20120205
20120211
20120240
20120268
20120314
20120323
20120350
20120368
20120384
20120391
20120393
20120401
20130001
20130032
20130067
20130070
20130081
20130099
20130126
20130221
20130260
20130268
20130277
20130324
20130353
20140004
20140029
20140036
20140114
20140155
20140161
20140171
20140341
20150013
20150120
20150129
20150160
20150163
20150258
20150365
20160078
20160085
20160125
20160165
20160282
20160287
20170048
20170144
20170212
20180096
20180180
20180285
20180303
20190071
20190115
20190118
20190123
20190124
20190177
20190180
20190186
20190233
20190266
20190300
20190302
20200011
20200022
20200069
20200083
20200178
20200162
20200123
20200258
20210000
20230066
20230070
20230031
20220186
20220187
20220188
20220192
20230006
20210175
20210155
20210121
20210065
20210038
20210011
20210018
20210028
20210029
20220171
20220128
20220130
20220132
20220084
20220068
20220045
20220056
20220024
20220027
20210008
20230178
20230152
20230128
20230132
20230120
20230087
